0.0107692 5.39421e-05
10.0606
8.83999
3.52041
3.84983
3.55926
2.63868
2.3181
1
1
1
1
1
1
1
1.16347
1.65289
1
1
1
1.13058
1
1.21942
1.61884
1.89826
1
1.29711
1.16653
1.17595
1
1.06479
1
1
1
1
1
1.30868
1.31926
1.19983
1
1.14099
1.76157
1.44215
1.12273
2.05331
1.95388
2.06446
1.62504
1.57562
3.6562
3.31678
2.79736
2.30793
2.10851
2.48909
2.93967
3.42025
3.59083
3.8414
3.35198
2.94256
2.70314
2.23372
1.7343
1.61488
1.45545
1.52603
1.61661
2.29719
2.00777
1.76835
1.50893
0.999504
1.14008
1
1
1
1
1
1
1
1
1
1
1
1.20298
1.7024
1.90182
1.02124
1.41066
1
1
1
1
1
1
1
1
1
1
1
1
1.03314
1
1
1
1
1
1
1
1
1
1
1.37678
1.7562
2.23562
2.22504
2.70446
1.97388
2.00331
2.17273
2.30215
2.19157
1
1.72959
1.37017
1.10074
1
1
1.11248
1
1
1
1.38479
1
1
1
1
1
1
1
1
1
1.22942
1
1
1.00769
1.07711
1.61653
1
1
1.17479
1.59421
1.45364
1.82306
1.67248
1.9819
2.01132
2.17074
2.18017
2.30959
2.58901
1.39843
1.84785
2.04727
1.76669
2.28612
2.59554
2.08496
2.08438
2.3938
2.11322
2.39264
2.16207
1.52149
2.03091
2.49033
1
1
1.2514
2.46198
2.33256
1.82314
1.52372
1.4343
1.85488
2.75545
2.22603
2.88661
3.62719
5.30777
4.91835
5.02893
6.2995
5.92008
5.56066
5.02124
4.48182
3.9424
3.40298
2.86355
