0.00905716 5.24062e-05
5.74869
2.30575
1.45081
1.83588
1.26994
1
2.92494
2.43888
2.05381
1.97675
1.97469
1.45963
2.03456
2.0045
2.82744
2.55338
2.08932
2.15525
1.97119
1.87713
1.91307
1.98901
2.14494
1.95088
1.82682
1.33276
1
1
1.34057
1.43651
1.11245
1.58838
1.21432
1.05026
1
1
1
1
1
1
1.05818
1.36224
1.7963
2.28036
1.71442
1.80849
2.31255
2.63661
3.11067
2.51474
1.8388
1.62286
1.95692
2.09098
2.48505
2.91911
3.36317
3.81723
4.1213
4.35536
3.79942
3.77348
3.67754
3.75161
4.05567
4.05973
3.65379
3.77785
3.39192
3.89598
4.35004
4.6241
4.79817
5.31223
5.80629
5.56035
3.24441
3.64848
2.50254
2.0366
2.26066
2.59473
1.94879
2.21285
1
1
1.14504
1
1
1
1
1.42535
1.66941
1.84347
1.46753
1.6816
1.75566
1
1
1.07784
1
1
1
1.60591
1.27184
1.59778
1.24372
2.75966
2.3456
1.92153
2.26747
2.32341
2.73935
2.43528
2.70122
2.42716
2.4031
2.13904
2.01497
2.25091
1.77685
1.44279
1.17873
1
1.1706
1
1.21248
1
1
1
1
1
1
1.12404
1.08998
1.00592
1.18185
2.37779
1.99373
2.35967
2.16561
1.91154
3.14748
2.74342
2.25936
2.1153
1.95123
1.94717
2.05311
1.74905
3.10498
2.94092
2.67686
2.3528
2.69874
2.53467
2.05061
2.39655
2.13249
2.21842
1.83436
1.3103
1
1
1
1
1
1
1
1
1
1
1
1
1
1.17657
1
1.37469
1.81876
2.15282
2.26688
2.79094
2.95501
3.01907
3.06313
2.79719
3.23125
3.63532
3.64938
3.88344
4.2375
4.31156
3.11563
3.63969
3.28375
3.68781
3.93188
3.17594
1
3.35594
